0,71 0,71 0,71 0,71 0,71 0,71 0,71 0,71 0,71 0,71 0,71 0,71 0,71 0,71 0,71 0,71 0,71 0,71 0,71 0,71 0,71 0,71 0,71 0,71 0,71 0,71 0,71 0,71 0,71 0,71 0,71 0,71 0,71 0,71 0,71 0,71 0,71 0,71 0,71 0,71 0,71 0,71 0,71 0,71 0,71 0,71 0,71 0,71 0,71 0,71 0,71 0,71 0,71 0,71 0,71 0,71 0,71 0,71 0,71 0,71 0,71 0,71 0,71 0,71 0,71 0,71 0,71 0,71 0,71 0,71 0,71 0,71 0,71 0,71 0,71 0,71 0,71 0,71 0,71 0,71 0,71 0,71 0,71 0,71 0,71 0,71 0,71 0,71 0,71 0,71 0,71 0,71 0,71 0,71 0,71 0,71 0,71 0,71 0,71 0,71 
0,71 0,71 0,71 0,71 0,71 0,71 0,71 0,71 0,71 0,71 0,71 0,71 0,71 0,71 0,71 0,71 0,71 0,71 0,71 0,71 0,71 0,71 0,71 0,71 0,71 0,71 0,71 0,71 0,71 0,71 0,71 0,71 0,71 0,71 0,71 0,71 0,71 0,71 0,71 0,71 0,71 0,71 0,71 0,71 0,71 0,71 0,71 0,71 0,71 0,71 0,71 0,71 0,71 0,71 0,71 0,71 0,71 0,71 0,71 0,71 0,71 0,71 0,71 0,71 0,71 0,71 0,71 0,71 0,71 0,71 0,71 0,71 0,71 0,71 0,71 0,71 0,71 0,71 0,71 0,71 0,71 0,71 0,71 0,71 0,71 0,71 0,71 0,71 0,71 0,71 0,71 0,71 0,71 0,71 0,71 0,71 0,71 0,71 0,71 0,71 
0,71 0,71 0,71 0,71 0,71 0,71 0,71 0,71 0,71 0,71 0,71 0,71 0,71 0,71 0,71 0,71 0,71 0,71 0,71 0,71 0,71 0,71 0,71 0,71 0,71 0,71 0,71 0,71 0,71 0,71 0,71 0,71 0,71 0,71 0,71 0,71 0,71 0,71 0,71 0,71 0,71 0,71 0,71 0,71 0,71 0,71 0,71 0,71 0,71 0,71 0,71 0,71 0,71 0,71 0,71 0,71 0,71 0,71 0,71 0,71 0,71 0,71 0,71 0,71 0,71 0,71 0,71 0,71 0,71 0,71 0,71 0,71 0,71 0,71 0,71 0,71 0,71 0,71 0,71 0,71 0,71 0,71 0,71 0,71 0,71 0,71 0,71 0,71 0,71 0,71 0,71 0,71 0,71 0,71 0,71 0,71 0,71 0,71 0,71 0,71 
0,71 0,71 0,71 0,71 0,71 0,71 0,71 0,71 0,71 0,71 0,71 0,71 0,71 0,71 0,71 0,71 0,71 0,71 0,71 0,71 0,71 0,71 0,71 0,71 0,71 0,71 0,71 0,71 0,71 0,71 0,71 0,71 0,71 0,71 0,71 0,71 0,71 0,71 0,71 0,71 0,71 0,71 0,71 0,71 0,71 0,71 0,71 0,71 0,71 0,71 0,71 0,71 0,71 0,71 0,71 0,71 0,71 0,71 0,71 0,71 0,71 0,71 0,71 0,71 0,71 0,71 0,71 0,71 0,71 0,71 0,71 0,71 0,71 0,71 0,71 0,71 0,71 0,71 0,71 0,71 0,71 0,71 0,71 0,71 0,71 0,71 0,71 0,71 0,71 0,71 0,71 0,71 0,71 0,71 0,71 0,71 0,71 0,71 0,71 0,71 
0,71 0,71 0,71 0,71 0,71 0,71 0,71 0,71 0,71 0,71 0,71 0,71 0,71 0,71 0,71 0,71 0,71 0,71 0,71 0,71 0,71 0,71 0,71 0,71 0,71 0,71 0,71 0,71 0,71 0,71 0,71 0,71 0,71 0,71 0,71 0,71 0,71 0,71 0,71 0,71 0,71 0,71 0,71 0,71 0,71 0,71 0,71 0,71 0,71 0,71 0,71 0,71 0,71 0,71 0,71 0,71 0,71 0,71 0,71 0,71 0,71 0,71 0,71 0,71 0,71 0,71 0,71 0,71 0,71 0,71 0,71 0,71 0,71 0,71 0,71 0,71 0,71 0,71 0,71 0,71 0,71 0,71 0,71 0,71 0,71 0,71 0,71 0,71 0,71 0,71 0,71 0,71 0,71 0,71 0,71 0,71 0,71 0,71 0,71 0,71 
0,71 0,71 0,71 0,71 0,71 0,71 0,71 0,71 0,71 0,71 0,71 0,71 0,71 0,71 0,71 0,71 0,71 0,71 0,71 0,71 0,71 0,71 0,71 0,71 0,71 0,71 0,71 0,71 0,71 0,71 0,71 0,71 0,71 0,71 0,71 0,71 0,71 0,71 0,71 0,71 0,71 0,71 0,71 0,71 0,71 0,71 0,71 0,71 0,71 0,71 0,71 0,71 0,71 0,71 0,71 0,71 0,71 0,71 0,71 0,71 0,71 0,71 0,71 0,71 0,71 0,71 0,71 0,71 0,71 0,71 0,71 0,71 0,71 0,71 0,71 0,71 0,71 0,71 0,71 0,71 0,71 0,71 0,71 0,71 0,71 0,71 0,71 0,71 0,71 0,71 0,71 0,71 0,71 0,71 0,71 0,71 0,71 0,71 0,71 0,71 
0,71 0,71 0,71 0,71 0,71 0,71 0,71 0,71 0,71 0,71 0,71 0,71 0,71 0,71 0,71 0,71 0,71 0,71 0,71 0,71 0,71 0,71 0,71 0,71 0,71 0,71 0,71 0,71 0,71 0,71 0,71 0,71 0,71 0,71 0,71 0,71 0,71 0,71 0,71 0,71 0,71 0,71 0,71 0,71 0,71 0,71 0,71 0,71 0,71 0,71 0,71 0,71 0,71 0,71 0,71 0,71 0,71 0,71 0,71 0,71 0,71 0,71 0,71 0,71 0,71 0,71 0,71 0,71 0,71 0,71 0,71 0,71 0,71 0,71 0,71 0,71 0,71 0,71 0,71 0,71 0,71 0,71 0,71 0,71 0,71 0,71 0,71 0,71 0,71 0,71 0,71 0,71 0,71 0,71 0,71 0,71 0,71 0,71 0,71 0,71 
0,71 0,71 0,71 0,71 0,71 0,71 0,71 0,71 0,71 0,71 0,71 0,71 0,71 0,71 0,71 0,71 0,71 0,71 0,71 0,71 0,71 0,71 0,71 0,71 0,71 0,71 0,71 0,71 0,71 0,71 0,71 0,71 0,71 0,71 0,71 0,71 0,71 0,71 0,71 0,71 0,71 0,71 0,71 0,71 0,71 0,71 0,71 0,71 0,71 0,71 0,71 0,71 0,71 0,71 0,71 0,71 0,71 0,71 0,71 0,71 0,71 0,71 0,71 0,71 0,71 0,71 0,71 0,71 0,71 0,71 0,71 0,71 0,71 0,71 0,71 0,71 0,71 0,71 0,71 0,71 0,71 0,71 0,71 0,71 0,71 0,71 0,71 0,71 0,71 0,71 0,71 0,71 0,71 0,71 0,71 0,71 0,71 0,71 0,71 0,71 
0,71 0,71 0,71 0,71 0,71 0,71 0,71 0,71 0,71 0,71 0,71 0,71 0,71 0,71 0,71 0,71 0,71 0,71 0,71 0,71 0,71 0,71 0,71 0,71 0,71 0,71 0,71 0,71 0,71 0,71 0,71 0,71 0,71 0,71 0,71 0,71 0,71 0,71 0,71 0,71 0,71 0,71 0,71 0,71 0,71 0,71 0,71 0,71 0,71 0,71 0,71 0,71 0,71 0,71 0,71 0,71 0,71 0,71 0,71 0,71 0,71 0,71 0,71 0,71 0,71 0,71 0,71 0,71 0,71 0,71 0,71 0,71 0,71 0,71 0,71 0,71 0,71 0,71 0,71 0,71 0,71 0,71 0,71 0,71 0,71 0,71 0,71 0,71 0,71 0,71 0,71 0,71 0,71 0,71 0,71 0,71 0,71 0,71 0,71 0,71 
0,71 0,71 0,71 0,71 0,71 0,71 0,71 0,71 0,71 0,71 0,71 0,71 0,71 0,71 0,71 0,71 0,71 0,71 0,71 0,71 0,71 0,71 0,71 0,71 0,71 0,71 0,71 0,71 0,71 0,71 0,71 0,71 0,71 0,71 0,71 0,71 0,71 0,71 0,71 0,71 0,71 0,71 0,71 0,71 0,71 0,71 0,71 0,71 0,71 0,71 0,71 0,71 0,71 0,71 0,71 0,71 0,71 0,71 0,71 0,71 0,71 0,71 0,71 0,71 0,71 0,71 0,71 0,71 0,71 0,71 0,71 0,71 0,71 0,71 0,71 0,71 0,71 0,71 0,71 0,71 0,71 0,71 0,71 0,71 0,71 0,71 0,71 0,71 0,71 0,71 0,71 0,71 0,71 0,71 0,71 0,71 0,71 0,71 0,71 0,71 
0,71 0,71 0,71 0,71 0,71 0,71 0,71 0,71 0,71 0,71 0,71 0,71 0,71 0,71 0,71 0,71 0,71 0,71 0,71 0,71 0,71 0,71 0,71 0,71 0,71 0,71 0,71 0,71 0,71 0,71 0,71 0,71 0,71 0,71 0,71 0,71 0,71 0,71 0,71 0,71 0,71 0,71 0,71 0,71 0,75 0,8 0,83 0,85 0,89 0,89 0,89 0,89 0,89 0,85 0,84 0,8 0,75 0,71 0,71 0,71 0,71 0,71 0,71 0,71 0,71 0,71 0,71 0,71 0,71 0,71 0,71 0,71 0,71 0,71 0,71 0,71 0,71 0,71 0,71 0,71 0,71 0,71 0,71 0,71 0,71 0,71 0,71 0,71 0,71 0,71 0,71 0,71 0,71 0,71 0,71 0,71 0,71 0,71 0,71 0,71 
0,71 0,71 0,71 0,71 0,71 0,71 0,71 0,71 0,71 0,71 0,71 0,71 0,71 0,71 0,71 0,71 0,71 0,71 0,71 0,71 0,71 0,71 0,71 0,71 0,71 0,71 0,71 0,71 0,71 0,71 0,71 0,71 0,71 0,71 0,71 0,71 0,71 0,71 0,71 0,71 0,71 0,77 0,85 0,92 0,95 0,95 0,95 0,95 0,95 0,95 0,95 0,95 0,95 0,95 0,95 0,95 0,95 0,92 0,87 0,8 0,71 0,71 0,71 0,71 0,71 0,71 0,71 0,71 0,71 0,71 0,71 0,71 0,71 0,71 0,71 0,71 0,71 0,71 0,71 0,71 0,71 0,71 0,71 0,71 0,71 0,71 0,71 0,71 0,71 0,71 0,71 0,71 0,71 0,71 0,71 0,71 0,71 0,71 0,71 0,71 
0,71 0,71 0,71 0,71 0,71 0,71 0,71 0,71 0,71 0,71 0,71 0,71 0,71 0,71 0,71 0,71 0,71 0,71 0,71 0,71 0,71 0,71 0,71 0,71 0,71 0,71 0,71 0,71 0,71 0,71 0,71 0,71 0,71 0,71 0,71 0,71 0,71 0,71 0,71 0,82 0,92 0,95 0,95 0,95 0,95 0,95 0,95 0,95 0,95 0,95 0,95 0,95 0,95 0,95 0,95 0,95 0,95 0,95 0,95 0,95 0,92 0,82 0,71 0,71 0,71 0,71 0,71 0,71 0,71 0,71 0,71 0,71 0,71 0,71 0,71 0,71 0,71 0,71 0,71 0,71 0,71 0,71 0,71 0,71 0,71 0,71 0,71 0,71 0,71 0,71 0,71 0,71 0,71 0,71 0,71 0,71 0,71 0,71 0,71 0,71 
0,71 0,71 0,71 0,71 0,71 0,71 0,71 0,71 0,71 0,71 0,71 0,71 0,71 0,71 0,71 0,71 0,71 0,71 0,71 0,71 0,71 0,71 0,71 0,71 0,71 0,71 0,71 0,71 0,71 0,71 0,71 0,71 0,71 0,71 0,71 0,71 0,71 0,78 0,92 0,95 0,95 0,95 0,95 0,95 0,95 0,95 0,95 0,95 0,95 0,95 0,95 0,95 0,95 0,95 0,95 0,95 0,95 0,95 0,95 0,95 0,95 0,95 0,92 0,8 0,71 0,71 0,71 0,71 0,71 0,71 0,71 0,71 0,71 0,71 0,71 0,71 0,71 0,71 0,71 0,71 0,71 0,71 0,71 0,71 0,71 0,71 0,71 0,71 0,71 0,71 0,71 0,71 0,71 0,71 0,71 0,71 0,71 0,71 0,71 0,71 
0,71 0,71 0,71 0,71 0,71 0,71 0,71 0,71 0,71 0,71 0,71 0,71 0,71 0,71 0,71 0,71 0,71 0,71 0,71 0,71 0,71 0,71 0,71 0,71 0,71 0,71 0,71 0,71 0,71 0,71 0,71 0,71 0,71 0,71 0,71 0,73 0,85 0,95 0,95 0,95 0,95 0,95 0,95 0,95 0,95 0,95 0,95 0,95 0,95 0,95 0,95 0,95 0,95 0,95 0,95 0,95 0,95 0,95 0,95 0,95 0,95 0,95 0,95 0,95 0,87 0,73 0,71 0,71 0,71 0,71 0,71 0,71 0,71 0,71 0,71 0,71 0,71 0,71 0,71 0,71 0,71 0,71 0,71 0,71 0,71 0,71 0,71 0,71 0,71 0,71 0,71 0,71 0,71 0,71 0,71 0,71 0,71 0,71 0,71 0,71 
0,71 0,71 0,71 0,71 0,71 0,71 0,71 0,71 0,71 0,71 0,71 0,71 0,71 0,71 0,71 0,71 0,71 0,71 0,71 0,71 0,71 0,71 0,71 0,71 0,71 0,71 0,71 0,71 0,71 0,71 0,71 0,71 0,71 0,71 0,75 0,91 0,95 0,95 0,95 0,95 0,95 0,95 0,95 0,95 0,95 0,95 0,95 0,95 0,95 0,95 0,95 0,95 0,95 0,95 0,95 0,95 0,95 0,95 0,95 0,95 0,95 0,95 0,95 0,95 0,95 0,91 0,73 0,71 0,71 0,71 0,71 0,71 0,71 0,71 0,71 0,71 0,71 0,71 0,71 0,71 0,71 0,71 0,71 0,71 0,71 0,71 0,71 0,71 0,71 0,71 0,71 0,71 0,71 0,71 0,71 0,71 0,71 0,71 0,71 0,71 
0,71 0,71 0,71 0,71 0,71 0,71 0,71 0,71 0,71 0,71 0,71 0,71 0,71 0,71 0,71 0,71 0,71 0,71 0,71 0,71 0,71 0,71 0,71 0,71 0,71 0,71 0,71 0,71 0,71 0,71 0,71 0,71 0,71 0,77 0,94 0,95 0,95 0,95 0,95 0,95 0,95 0,95 0,95 0,95 0,95 0,95 0,95 0,95 0,95 0,95 0,95 0,95 0,95 0,95 0,95 0,95 0,95 0,95 0,95 0,95 0,95 0,95 0,95 0,95 0,95 0,95 0,94 0,77 0,71 0,71 0,71 0,71 0,71 0,71 0,71 0,71 0,71 0,71 0,71 0,71 0,71 0,71 0,71 0,71 0,71 0,71 0,71 0,71 0,71 0,71 0,71 0,71 0,71 0,71 0,71 0,71 0,71 0,71 0,71 0,71 
0,71 0,71 0,71 0,71 0,71 0,71 0,71 0,71 0,71 0,71 0,71 0,71 0,71 0,71 0,71 0,71 0,71 0,71 0,71 0,71 0,71 0,71 0,71 0,71 0,71 0,71 0,71 0,71 0,71 0,71 0,71 0,71 0,77 0,94 0,95 0,95 0,95 0,95 0,95 0,95 0,95 0,95 0,95 0,95 0,95 0,95 0,95 0,95 0,95 0,95 0,95 0,95 0,95 0,95 0,95 0,95 0,95 0,95 0,95 0,95 0,95 0,95 0,95 0,95 0,95 0,95 0,95 0,92 0,73 0,71 0,71 0,71 0,71 0,71 0,71 0,71 0,71 0,71 0,71 0,71 0,71 0,71 0,71 0,71 0,71 0,71 0,71 0,71 0,71 0,71 0,71 0,71 0,71 0,71 0,71 0,71 0,71 0,71 0,71 0,71 
0,71 0,71 0,71 0,71 0,71 0,71 0,71 0,71 0,71 0,71 0,71 0,71 0,71 0,71 0,71 0,71 0,71 0,71 0,71 0,71 0,71 0,71 0,71 0,71 0,71 0,71 0,71 0,71 0,71 0,71 0,71 0,73 0,94 0,95 0,95 0,95 0,95 0,95 0,95 0,95 0,95 0,95 0,95 0,95 0,95 0,95 0,95 0,95 0,95 0,95 0,95 0,95 0,95 0,95 0,95 0,95 0,95 0,95 0,95 0,95 0,95 0,95 0,95 0,95 0,95 0,95 0,95 0,95 0,91 0,73 0,71 0,71 0,71 0,71 0,71 0,71 0,71 0,71 0,71 0,71 0,71 0,71 0,71 0,71 0,71 0,71 0,71 0,71 0,71 0,71 0,71 0,71 0,71 0,71 0,71 0,71 0,71 0,71 0,71 0,71 
0,71 0,71 0,71 0,71 0,71 0,71 0,71 0,71 0,71 0,71 0,71 0,71 0,71 0,71 0,71 0,71 0,71 0,71 0,71 0,71 0,71 0,71 0,71 0,71 0,71 0,71 0,71 0,71 0,71 0,71 0,71 0,91 0,95 0,95 0,95 0,95 0,95 0,95 0,95 0,95 0,95 0,95 0,95 0,95 0,95 0,95 0,95 0,95 0,95 0,95 0,95 0,95 0,95 0,95 0,95 0,95 0,95 0,95 0,95 0,95 0,95 0,95 0,95 0,95 0,95 0,95 0,95 0,95 0,95 0,86 0,71 0,71 0,71 0,71 0,71 0,71 0,71 0,71 0,71 0,71 0,71 0,71 0,71 0,71 0,71 0,71 0,71 0,71 0,71 0,71 0,71 0,71 0,71 0,71 0,71 0,71 0,71 0,71 0,71 0,71 
0,71 0,71 0,71 0,71 0,71 0,71 0,71 0,71 0,71 0,71 0,71 0,71 0,71 0,71 0,71 0,71 0,71 0,71 0,71 0,71 0,71 0,71 0,71 0,71 0,71 0,71 0,71 0,71 0,71 0,71 0,85 0,95 0,95 0,95 0,95 0,95 0,95 0,95 0,95 0,95 0,95 0,95 0,95 0,95 0,95 0,95 0,95 0,95 0,95 0,95 0,95 0,95 0,95 0,95 0,95 0,95 0,95 0,95 0,95 0,95 0,95 0,95 0,95 0,95 0,95 0,95 0,95 0,95 0,95 0,95 0,79 0,71 0,71 0,71 0,71 0,71 0,71 0,71 0,71 0,71 0,71 0,71 0,71 0,71 0,71 0,71 0,71 0,71 0,71 0,71 0,71 0,71 0,71 0,71 0,71 0,71 0,71 0,71 0,71 0,71 
0,71 0,71 0,71 0,71 0,71 0,71 0,71 0,71 0,71 0,71 0,71 0,71 0,71 0,71 0,71 0,71 0,71 0,71 0,71 0,71 0,71 0,71 0,71 0,71 0,71 0,71 0,71 0,71 0,71 0,79 0,95 0,95 0,95 0,95 0,95 0,95 0,95 0,95 0,95 0,95 0,95 0,95 0,95 0,95 0,95 0,95 0,95 0,95 0,95 0,95 0,95 0,95 0,95 0,95 0,95 0,95 0,95 0,95 0,95 0,95 0,95 0,95 0,95 0,95 0,95 0,95 0,95 0,95 0,95 0,95 0,92 0,73 0,71 0,71 0,71 0,71 0,71 0,71 0,71 0,71 0,71 0,71 0,71 0,71 0,71 0,71 0,71 0,71 0,71 0,71 0,71 0,71 0,71 0,71 0,71 0,71 0,71 0,71 0,71 0,71 
0,71 0,71 0,71 0,71 0,71 0,71 0,71 0,71 0,71 0,71 0,71 0,71 0,71 0,71 0,71 0,71 0,71 0,71 0,71 0,71 0,71 0,71 0,71 0,71 0,71 0,71 0,71 0,71 0,71 0,92 0,95 0,95 0,95 0,95 0,95 0,95 0,95 0,95 0,95 0,95 0,95 0,95 0,95 0,95 0,95 0,95 0,95 0,95 0,95 0,95 0,95 0,95 0,95 0,95 0,95 0,95 0,95 0,95 0,95 0,95 0,95 0,95 0,95 0,95 0,95 0,95 0,95 0,95 0,95 0,95 0,95 0,84 0,71 0,71 0,71 0,71 0,71 0,71 0,71 0,71 0,71 0,71 0,71 0,71 0,71 0,71 0,71 0,71 0,71 0,71 0,71 0,71 0,71 0,71 0,71 0,71 0,71 0,71 0,71 0,71 
0,71 0,71 0,71 0,71 0,71 0,71 0,71 0,71 0,71 0,71 0,71 0,71 0,71 0,71 0,71 0,71 0,71 0,71 0,71 0,71 0,71 0,71 0,71 0,71 0,71 0,71 0,71 0,71 0,84 0,95 0,95 0,95 0,95 0,95 0,95 0,95 0,95 0,95 0,95 0,95 0,95 0,95 0,95 0,95 0,95 0,95 0,95 0,95 0,95 0,95 0,95 0,95 0,95 0,95 0,95 0,95 0,95 0,95 0,95 0,95 0,95 0,95 0,95 0,95 0,95 0,95 0,95 0,95 0,95 0,95 0,95 0,94 0,75 0,71 0,71 0,71 0,71 0,71 0,71 0,71 0,71 0,71 0,71 0,71 0,71 0,71 0,71 0,71 0,71 0,71 0,71 0,71 0,71 0,71 0,71 0,71 0,71 0,71 0,71 0,71 
0,71 0,71 0,71 0,71 0,71 0,71 0,71 0,71 0,71 0,71 0,71 0,71 0,71 0,71 0,71 0,71 0,71 0,71 0,71 0,71 0,71 0,71 0,71 0,71 0,71 0,71 0,71 0,73 0,94 0,95 0,95 0,95 0,95 0,95 0,95 0,95 0,95 0,95 0,95 0,95 0,95 0,95 0,95 0,95 0,95 0,95 0,95 0,95 0,92 0,85 0,84 0,87 0,94 0,95 0,95 0,95 0,95 0,95 0,95 0,95 0,95 0,95 0,95 0,95 0,95 0,95 0,95 0,95 0,95 0,95 0,95 0,95 0,86 0,71 0,71 0,71 0,71 0,71 0,71 0,71 0,71 0,71 0,71 0,71 0,71 0,71 0,71 0,71 0,71 0,71 0,71 0,71 0,71 0,71 0,71 0,71 0,71 0,71 0,71 0,71 
0,71 0,71 0,71 0,71 0,71 0,71 0,71 0,71 0,71 0,71 0,71 0,71 0,71 0,71 0,71 0,71 0,71 0,71 0,71 0,71 0,71 0,71 0,71 0,71 0,71 0,71 0,71 0,83 0,95 0,95 0,95 0,95 0,95 0,95 0,95 0,95 0,95 0,95 0,95 0,95 0,95 0,95 0,95 0,95 0,95 0,95 0,95 0,84 0,71 0,71 0,71 0,71 0,73 0,88 0,95 0,95 0,95 0,95 0,95 0,95 0,95 0,95 0,95 0,95 0,95 0,95 0,95 0,95 0,95 0,95 0,95 0,95 0,94 0,73 0,71 0,71 0,71 0,71 0,71 0,71 0,71 0,71 0,71 0,71 0,71 0,71 0,71 0,71 0,71 0,71 0,71 0,71 0,71 0,71 0,71 0,71 0,71 0,71 0,71 0,71 
0,71 0,71 0,71 0,71 0,71 0,71 0,71 0,71 0,71 0,71 0,71 0,71 0,71 0,71 0,71 0,71 0,71 0,71 0,71 0,71 0,71 0,71 0,71 0,71 0,71 0,71 0,71 0,92 0,95 0,95 0,95 0,95 0,95 0,95 0,95 0,95 0,95 0,95 0,95 0,95 0,95 0,95 0,95 0,95 0,95 0,95 0,84 0,71 0,71 0,71 0,71 0,71 0,71 0,71 0,89 0,95 0,95 0,95 0,95 0,95 0,95 0,95 0,95 0,95 0,95 0,95 0,95 0,95 0,95 0,95 0,95 0,95 0,95 0,84 0,71 0,71 0,71 0,71 0,71 0,71 0,71 0,71 0,71 0,71 0,71 0,71 0,71 0,71 0,71 0,71 0,71 0,71 0,71 0,71 0,71 0,71 0,71 0,71 0,71 0,71 
0,71 0,71 0,71 0,71 0,71 0,71 0,71 0,71 0,71 0,71 0,71 0,71 0,71 0,71 0,71 0,71 0,71 0,71 0,71 0,71 0,71 0,71 0,71 0,71 0,71 0,71 0,8 0,95 0,95 0,95 0,95 0,95 0,95 0,95 0,95 0,95 0,95 0,95 0,95 0,95 0,95 0,95 0,95 0,95 0,95 0,89 0,71 0,71 0,71 0,71 0,71 0,71 0,71 0,71 0,75 0,93 0,95 0,95 0,95 0,95 0,95 0,95 0,95 0,95 0,95 0,95 0,95 0,95 0,95 0,95 0,95 0,95 0,95 0,92 0,71 0,71 0,71 0,71 0,71 0,71 0,71 0,71 0,71 0,71 0,71 0,71 0,71 0,71 0,71 0,71 0,71 0,71 0,71 0,71 0,71 0,71 0,71 0,71 0,71 0,71 
0,71 0,71 0,71 0,71 0,71 0,71 0,71 0,71 0,71 0,71 0,71 0,71 0,71 0,71 0,71 0,71 0,71 0,71 0,71 0,71 0,71 0,71 0,71 0,71 0,71 0,71 0,87 0,95 0,95 0,95 0,95 0,95 0,95 0,95 0,95 0,95 0,95 0,95 0,95 0,95 0,95 0,95 0,95 0,95 0,95 0,82 0,71 0,71 0,71 0,71 0,71 0,71 0,71 0,71 0,71 0,85 0,95 0,95 0,95 0,95 0,95 0,95 0,95 0,95 0,95 0,95 0,95 0,95 0,95 0,95 0,95 0,95 0,95 0,95 0,77 0,71 0,71 0,71 0,71 0,71 0,71 0,71 0,71 0,71 0,71 0,71 0,71 0,71 0,71 0,71 0,71 0,71 0,71 0,71 0,71 0,71 0,71 0,71 0,71 0,71 
0,71 0,71 0,71 0,71 0,71 0,71 0,71 0,71 0,71 0,71 0,71 0,71 0,71 0,71 0,71 0,71 0,71 0,71 0,71 0,71 0,71 0,71 0,71 0,71 0,71 0,71 0,94 0,95 0,95 0,95 0,95 0,95 0,95 0,95 0,95 0,95 0,95 0,95 0,95 0,95 0,95 0,95 0,95 0,95 0,95 0,71 0,71 0,71 0,71 0,71 0,71 0,71 0,71 0,71 0,71 0,77 0,95 0,95 0,95 0,95 0,95 0,95 0,95 0,95 0,95 0,95 0,95 0,95 0,95 0,95 0,95 0,95 0,95 0,95 0,85 0,71 0,71 0,71 0,71 0,71 0,71 0,71 0,71 0,71 0,71 0,71 0,71 0,71 0,71 0,71 0,71 0,71 0,71 0,71 0,71 0,71 0,71 0,71 0,71 0,71 
0,71 0,71 0,71 0,71 0,71 0,71 0,71 0,71 0,71 0,71 0,71 0,71 0,71 0,71 0,71 0,71 0,71 0,71 0,71 0,71 0,71 0,71 0,71 0,71 0,71 0,79 0,95 0,95 0,95 0,95 0,95 0,95 0,95 0,95 0,95 0,95 0,95 0,95 0,95 0,95 0,95 0,95 0,95 0,95 0,89 0,71 0,71 0,71 0,71 0,71 0,71 0,71 0,71 0,71 0,71 0,71 0,92 0,95 0,95 0,95 0,95 0,95 0,95 0,95 0,95 0,95 0,95 0,95 0,95 0,95 0,95 0,95 0,95 0,95 0,92 0,71 0,71 0,71 0,71 0,71 0,71 0,71 0,71 0,71 0,71 0,71 0,71 0,71 0,71 0,71 0,71 0,71 0,71 0,71 0,71 0,71 0,71 0,71 0,71 0,71 
0,71 0,71 0,71 0,71 0,71 0,71 0,71 0,71 0,71 0,71 0,71 0,71 0,71 0,71 0,71 0,71 0,71 0,71 0,71 0,71 0,71 0,71 0,71 0,71 0,71 0,84 0,95 0,95 0,95 0,95 0,95 0,95 0,95 0,95 0,95 0,95 0,95 0,95 0,95 0,95 0,95 0,95 0,95 0,95 0,84 0,71 0,71 0,71 0,71 0,71 0,71 0,71 0,71 0,71 0,71 0,71 0,88 0,95 0,95 0,95 0,95 0,95 0,95 0,95 0,95 0,95 0,95 0,95 0,95 0,95 0,95 0,95 0,95 0,95 0,95 0,75 0,71 0,71 0,71 0,71 0,71 0,71 0,71 0,71 0,71 0,71 0,71 0,71 0,71 0,71 0,71 0,71 0,71 0,71 0,71 0,71 0,71 0,71 0,71 0,71 
0,71 0,71 0,71 0,71 0,71 0,71 0,71 0,71 0,71 0,71 0,71 0,71 0,71 0,71 0,71 0,71 0,71 0,71 0,71 0,71 0,71 0,71 0,71 0,71 0,71 0,89 0,95 0,95 0,95 0,95 0,95 0,95 0,95 0,95 0,95 0,95 0,95 0,95 0,95 0,95 0,95 0,95 0,95 0,95 0,8 0,71 0,71 0,71 0,71 0,71 0,71 0,71 0,71 0,71 0,71 0,71 0,84 0,95 0,95 0,95 0,95 0,95 0,95 0,95 0,95 0,95 0,95 0,95 0,95 0,95 0,95 0,95 0,95 0,95 0,95 0,82 0,71 0,71 0,71 0,71 0,71 0,71 0,71 0,71 0,71 0,71 0,71 0,71 0,71 0,71 0,71 0,71 0,71 0,71 0,71 0,71 0,71 0,71 0,71 0,71 
0,71 0,71 0,71 0,71 0,71 0,71 0,71 0,71 0,71 0,71 0,71 0,71 0,71 0,71 0,71 0,71 0,71 0,71 0,71 0,71 0,71 0,71 0,71 0,71 0,71 0,95 0,95 0,95 0,95 0,95 0,95 0,95 0,95 0,95 0,95 0,95 0,95 0,95 0,95 0,95 0,95 0,95 0,95 0,95 0,77 0,71 0,71 0,71 0,71 0,71 0,71 0,71 0,71 0,71 0,71 0,71 0,8 0,95 0,95 0,95 0,95 0,95 0,95 0,95 0,95 0,95 0,95 0,95 0,95 0,95 0,95 0,95 0,95 0,95 0,95 0,87 0,71 0,71 0,71 0,71 0,71 0,71 0,71 0,71 0,71 0,71 0,71 0,71 0,71 0,71 0,71 0,71 0,71 0,71 0,71 0,71 0,71 0,71 0,71 0,71 
0,71 0,71 0,71 0,71 0,71 0,71 0,71 0,71 0,71 0,71 0,71 0,71 0,71 0,71 0,71 0,71 0,71 0,71 0,71 0,71 0,71 0,71 0,71 0,71 0,77 0,95 0,95 0,95 0,95 0,95 0,95 0,95 0,95 0,95 0,95 0,95 0,95 0,95 0,95 0,95 0,95 0,95 0,95 0,95 0,71 0,71 0,71 0,71 0,71 0,71 0,71 0,71 0,71 0,71 0,71 0,71 0,79 0,95 0,95 0,95 0,95 0,95 0,95 0,95 0,95 0,95 0,95 0,95 0,95 0,95 0,95 0,95 0,95 0,95 0,95 0,91 0,71 0,71 0,71 0,71 0,71 0,71 0,71 0,71 0,71 0,71 0,71 0,71 0,71 0,71 0,71 0,71 0,71 0,71 0,71 0,71 0,71 0,71 0,71 0,71 
0,71 0,71 0,71 0,71 0,71 0,71 0,71 0,71 0,71 0,71 0,71 0,71 0,71 0,71 0,71 0,71 0,71 0,71 0,71 0,71 0,71 0,71 0,71 0,71 0,8 0,95 0,95 0,95 0,95 0,95 0,95 0,95 0,95 0,95 0,95 0,95 0,95 0,95 0,95 0,95 0,95 0,95 0,95 0,92 0,71 0,71 0,71 0,71 0,71 0,71 0,71 0,71 0,71 0,71 0,71 0,71 0,73 0,95 0,95 0,95 0,95 0,95 0,95 0,95 0,95 0,95 0,95 0,95 0,95 0,95 0,95 0,95 0,95 0,95 0,95 0,95 0,71 0,71 0,71 0,71 0,71 0,71 0,71 0,71 0,71 0,71 0,71 0,71 0,71 0,71 0,71 0,71 0,71 0,71 0,71 0,71 0,71 0,71 0,71 0,71 
0,71 0,71 0,71 0,71 0,71 0,71 0,71 0,71 0,71 0,71 0,71 0,71 0,71 0,71 0,71 0,71 0,71 0,71 0,71 0,71 0,71 0,71 0,71 0,71 0,84 0,95 0,95 0,95 0,95 0,95 0,95 0,95 0,95 0,95 0,95 0,95 0,95 0,95 0,95 0,95 0,95 0,95 0,95 0,9 0,71 0,71 0,71 0,71 0,71 0,71 0,71 0,71 0,71 0,71 0,71 0,71 0,71 0,95 0,95 0,95 0,95 0,95 0,95 0,95 0,95 0,95 0,95 0,95 0,95 0,95 0,95 0,95 0,95 0,95 0,95 0,95 0,77 0,71 0,71 0,71 0,71 0,71 0,71 0,71 0,71 0,71 0,71 0,71 0,71 0,71 0,71 0,71 0,71 0,71 0,71 0,71 0,71 0,71 0,71 0,71 
0,71 0,71 0,71 0,71 0,71 0,71 0,71 0,71 0,71 0,71 0,71 0,71 0,71 0,71 0,71 0,71 0,71 0,71 0,71 0,71 0,71 0,71 0,71 0,71 0,87 0,95 0,95 0,95 0,95 0,95 0,95 0,95 0,95 0,95 0,95 0,95 0,95 0,95 0,95 0,95 0,95 0,95 0,95 0,89 0,71 0,71 0,71 0,71 0,71 0,71 0,71 0,71 0,71 0,71 0,71 0,71 0,71 0,95 0,95 0,95 0,95 0,95 0,95 0,95 0,95 0,95 0,95 0,95 0,95 0,95 0,95 0,95 0,95 0,95 0,95 0,95 0,79 0,71 0,71 0,71 0,71 0,71 0,71 0,71 0,71 0,71 0,71 0,71 0,71 0,71 0,71 0,71 0,71 0,71 0,71 0,71 0,71 0,71 0,71 0,71 
0,71 0,71 0,71 0,71 0,71 0,71 0,71 0,71 0,71 0,71 0,71 0,71 0,71 0,71 0,71 0,71 0,71 0,71 0,71 0,71 0,71 0,71 0,71 0,71 0,89 0,95 0,95 0,95 0,95 0,95 0,95 0,95 0,95 0,95 0,95 0,95 0,95 0,95 0,95 0,95 0,95 0,95 0,95 0,88 0,71 0,71 0,71 0,71 0,71 0,71 0,71 0,71 0,71 0,71 0,71 0,71 0,71 0,95 0,95 0,95 0,95 0,95 0,95 0,95 0,95 0,95 0,95 0,95 0,95 0,95 0,95 0,95 0,95 0,95 0,95 0,95 0,83 0,71 0,71 0,71 0,71 0,71 0,71 0,71 0,71 0,71 0,71 0,71 0,71 0,71 0,71 0,71 0,71 0,71 0,71 0,71 0,71 0,71 0,71 0,71 
0,71 0,71 0,71 0,71 0,71 0,71 0,71 0,71 0,71 0,71 0,71 0,71 0,71 0,71 0,71 0,71 0,71 0,71 0,71 0,71 0,71 0,71 0,71 0,71 0,89 0,95 0,95 0,95 0,95 0,95 0,95 0,95 0,95 0,95 0,95 0,95 0,95 0,95 0,95 0,95 0,95 0,95 0,95 0,84 0,71 0,71 0,71 0,71 0,71 0,71 0,71 0,71 0,71 0,71 0,71 0,71 0,71 0,89 0,95 0,95 0,95 0,95 0,95 0,95 0,95 0,95 0,95 0,95 0,95 0,95 0,95 0,95 0,95 0,95 0,95 0,95 0,84 0,71 0,71 0,71 0,71 0,71 0,71 0,71 0,71 0,71 0,71 0,71 0,71 0,71 0,71 0,71 0,71 0,71 0,71 0,71 0,71 0,71 0,71 0,71 
0,71 0,71 0,71 0,71 0,71 0,71 0,71 0,71 0,71 0,71 0,71 0,71 0,71 0,71 0,71 0,71 0,71 0,71 0,71 0,71 0,71 0,71 0,71 0,71 0,92 0,95 0,95 0,95 0,95 0,95 0,95 0,95 0,95 0,95 0,95 0,95 0,95 0,95 0,95 0,95 0,95 0,95 0,95 0,84 0,71 0,71 0,71 0,71 0,71 0,71 0,71 0,71 0,71 0,71 0,71 0,71 0,71 0,89 0,95 0,95 0,95 0,95 0,95 0,95 0,95 0,95 0,95 0,95 0,95 0,95 0,95 0,95 0,95 0,95 0,95 0,95 0,84 0,71 0,71 0,71 0,71 0,71 0,71 0,71 0,71 0,71 0,71 0,71 0,71 0,71 0,71 0,71 0,71 0,71 0,71 0,71 0,71 0,71 0,71 0,71 
0,71 0,71 0,71 0,71 0,71 0,71 0,71 0,71 0,71 0,71 0,71 0,71 0,71 0,71 0,71 0,71 0,71 0,71 0,71 0,71 0,71 0,71 0,71 0,71 0,95 0,95 0,95 0,95 0,95 0,95 0,95 0,95 0,95 0,95 0,95 0,95 0,95 0,95 0,95 0,95 0,95 0,95 0,95 0,84 0,71 0,71 0,71 0,71 0,71 0,71 0,71 0,71 0,71 0,71 0,71 0,71 0,71 0,89 0,95 0,95 0,95 0,95 0,95 0,95 0,95 0,95 0,95 0,95 0,95 0,95 0,95 0,95 0,95 0,95 0,95 0,95 0,89 0,71 0,71 0,71 0,71 0,71 0,71 0,71 0,71 0,71 0,71 0,71 0,71 0,71 0,71 0,71 0,71 0,71 0,71 0,71 0,71 0,71 0,71 0,71 
0,71 0,71 0,71 0,71 0,71 0,71 0,71 0,71 0,71 0,71 0,71 0,71 0,71 0,71 0,71 0,71 0,71 0,71 0,71 0,71 0,71 0,71 0,71 0,71 0,95 0,95 0,95 0,95 0,95 0,95 0,95 0,95 0,95 0,95 0,95 0,95 0,95 0,95 0,95 0,95 0,95 0,95 0,95 0,84 0,71 0,71 0,71 0,71 0,71 0,71 0,71 0,71 0,71 0,71 0,71 0,71 0,71 0,89 0,95 0,95 0,95 0,95 0,95 0,95 0,95 0,95 0,95 0,95 0,95 0,95 0,95 0,95 0,95 0,95 0,95 0,95 0,89 0,71 0,71 0,71 0,71 0,71 0,71 0,71 0,71 0,71 0,71 0,71 0,71 0,71 0,71 0,71 0,71 0,71 0,71 0,71 0,71 0,71 0,71 0,71 
0,71 0,71 0,71 0,71 0,71 0,71 0,71 0,71 0,71 0,71 0,71 0,71 0,71 0,71 0,71 0,71 0,71 0,71 0,71 0,71 0,71 0,71 0,71 0,71 0,95 0,95 0,95 0,95 0,95 0,95 0,95 0,95 0,95 0,95 0,95 0,95 0,95 0,95 0,95 0,95 0,95 0,95 0,95 0,84 0,71 0,71 0,71 0,71 0,71 0,71 0,71 0,71 0,71 0,71 0,71 0,71 0,71 0,89 0,95 0,95 0,95 0,95 0,95 0,95 0,95 0,95 0,95 0,95 0,95 0,95 0,95 0,95 0,95 0,95 0,95 0,95 0,89 0,71 0,71 0,71 0,71 0,71 0,71 0,71 0,71 0,71 0,71 0,71 0,71 0,71 0,71 0,71 0,71 0,71 0,71 0,71 0,71 0,71 0,71 0,71 
0,71 0,71 0,71 0,71 0,71 0,71 0,71 0,71 0,71 0,71 0,71 0,71 0,71 0,71 0,71 0,71 0,71 0,71 0,71 0,71 0,71 0,71 0,71 0,71 0,95 0,95 0,95 0,95 0,95 0,95 0,95 0,95 0,95 0,95 0,95 0,95 0,95 0,95 0,95 0,95 0,95 0,95 0,95 0,84 0,71 0,71 0,71 0,71 0,71 0,71 0,71 0,71 0,71 0,71 0,71 0,71 0,71 0,89 0,95 0,95 0,95 0,95 0,95 0,95 0,95 0,95 0,95 0,95 0,95 0,95 0,95 0,95 0,95 0,95 0,95 0,95 0,9 0,71 0,71 0,71 0,71 0,71 0,71 0,71 0,71 0,71 0,71 0,71 0,71 0,71 0,71 0,71 0,71 0,71 0,71 0,71 0,71 0,71 0,71 0,71 
0,71 0,71 0,71 0,71 0,71 0,71 0,71 0,71 0,71 0,71 0,71 0,71 0,71 0,71 0,71 0,71 0,71 0,71 0,71 0,71 0,71 0,71 0,71 0,71 0,95 0,95 0,95 0,95 0,95 0,95 0,95 0,95 0,95 0,95 0,95 0,95 0,95 0,95 0,95 0,95 0,95 0,95 0,95 0,84 0,71 0,71 0,71 0,71 0,71 0,71 0,71 0,71 0,71 0,71 0,71 0,71 0,71 0,89 0,95 0,95 0,95 0,95 0,95 0,95 0,95 0,95 0,95 0,95 0,95 0,95 0,95 0,95 0,95 0,95 0,95 0,95 0,89 0,71 0,71 0,71 0,71 0,71 0,71 0,71 0,71 0,71 0,71 0,71 0,71 0,71 0,71 0,71 0,71 0,71 0,71 0,71 0,71 0,71 0,71 0,71 
0,71 0,71 0,71 0,71 0,71 0,71 0,71 0,71 0,71 0,71 0,71 0,71 0,71 0,71 0,71 0,71 0,71 0,71 0,71 0,71 0,71 0,71 0,71 0,71 0,95 0,95 0,95 0,95 0,95 0,95 0,95 0,95 0,95 0,95 0,95 0,95 0,95 0,95 0,95 0,95 0,95 0,95 0,95 0,84 0,71 0,71 0,71 0,71 0,71 0,71 0,71 0,71 0,71 0,71 0,71 0,71 0,71 0,89 0,95 0,95 0,95 0,95 0,95 0,95 0,95 0,95 0,95 0,95 0,95 0,95 0,95 0,95 0,95 0,95 0,95 0,95 0,9 0,71 0,71 0,71 0,71 0,71 0,71 0,71 0,71 0,71 0,71 0,71 0,71 0,71 0,71 0,71 0,71 0,71 0,71 0,71 0,71 0,71 0,71 0,71 
0,71 0,71 0,71 0,71 0,71 0,71 0,71 0,71 0,71 0,71 0,71 0,71 0,71 0,71 0,71 0,71 0,71 0,71 0,71 0,71 0,71 0,71 0,71 0,71 0,95 0,95 0,95 0,95 0,95 0,95 0,95 0,95 0,95 0,95 0,95 0,95 0,95 0,95 0,95 0,95 0,95 0,95 0,95 0,84 0,71 0,71 0,71 0,71 0,71 0,71 0,71 0,71 0,71 0,71 0,71 0,71 0,71 0,89 0,95 0,95 0,95 0,95 0,95 0,95 0,95 0,95 0,95 0,95 0,95 0,95 0,95 0,95 0,95 0,95 0,95 0,95 0,89 0,71 0,71 0,71 0,71 0,71 0,71 0,71 0,71 0,71 0,71 0,71 0,71 0,71 0,71 0,71 0,71 0,71 0,71 0,71 0,71 0,71 0,71 0,71 
0,71 0,71 0,71 0,71 0,71 0,71 0,71 0,71 0,71 0,71 0,71 0,71 0,71 0,71 0,71 0,71 0,71 0,71 0,71 0,71 0,71 0,71 0,71 0,71 0,92 0,95 0,95 0,95 0,95 0,95 0,95 0,95 0,95 0,95 0,95 0,95 0,95 0,95 0,95 0,95 0,95 0,95 0,95 0,84 0,71 0,71 0,71 0,71 0,71 0,71 0,71 0,71 0,71 0,71 0,71 0,71 0,71 0,89 0,95 0,95 0,95 0,95 0,95 0,95 0,95 0,95 0,95 0,95 0,95 0,95 0,95 0,95 0,95 0,95 0,95 0,95 0,89 0,71 0,71 0,71 0,71 0,71 0,71 0,71 0,71 0,71 0,71 0,71 0,71 0,71 0,71 0,71 0,71 0,71 0,71 0,71 0,71 0,71 0,71 0,71 
0,71 0,71 0,71 0,71 0,71 0,71 0,71 0,71 0,71 0,71 0,71 0,71 0,71 0,71 0,71 0,71 0,71 0,71 0,71 0,71 0,71 0,71 0,71 0,71 0,9 0,95 0,95 0,95 0,95 0,95 0,95 0,95 0,95 0,95 0,95 0,95 0,95 0,95 0,95 0,95 0,95 0,95 0,95 0,84 0,71 0,71 0,71 0,71 0,71 0,71 0,71 0,71 0,71 0,71 0,71 0,71 0,71 0,89 0,95 0,95 0,95 0,95 0,95 0,95 0,95 0,95 0,95 0,95 0,95 0,95 0,95 0,95 0,95 0,95 0,95 0,95 0,84 0,71 0,71 0,71 0,71 0,71 0,71 0,71 0,71 0,71 0,71 0,71 0,71 0,71 0,71 0,71 0,71 0,71 0,71 0,71 0,71 0,71 0,71 0,71 
0,71 0,71 0,71 0,71 0,71 0,71 0,71 0,71 0,71 0,71 0,71 0,71 0,71 0,71 0,71 0,71 0,71 0,71 0,71 0,71 0,71 0,71 0,71 0,71 0,89 0,95 0,95 0,95 0,95 0,95 0,95 0,95 0,95 0,95 0,95 0,95 0,95 0,95 0,95 0,95 0,95 0,95 0,95 0,88 0,71 0,71 0,71 0,71 0,71 0,71 0,71 0,71 0,71 0,71 0,71 0,71 0,71 0,95 0,95 0,95 0,95 0,95 0,95 0,95 0,95 0,95 0,95 0,95 0,95 0,95 0,95 0,95 0,95 0,95 0,95 0,95 0,84 0,71 0,71 0,71 0,71 0,71 0,71 0,71 0,71 0,71 0,71 0,71 0,71 0,71 0,71 0,71 0,71 0,71 0,71 0,71 0,71 0,71 0,71 0,71 
0,71 0,71 0,71 0,71 0,71 0,71 0,71 0,71 0,71 0,71 0,71 0,71 0,71 0,71 0,71 0,71 0,71 0,71 0,71 0,71 0,71 0,71 0,71 0,71 0,85 0,95 0,95 0,95 0,95 0,95 0,95 0,95 0,95 0,95 0,95 0,95 0,95 0,95 0,95 0,95 0,95 0,95 0,95 0,89 0,71 0,71 0,71 0,71 0,71 0,71 0,71 0,71 0,71 0,71 0,71 0,71 0,71 0,95 0,95 0,95 0,95 0,95 0,95 0,95 0,95 0,95 0,95 0,95 0,95 0,95 0,95 0,95 0,95 0,95 0,95 0,95 0,84 0,71 0,71 0,71 0,71 0,71 0,71 0,71 0,71 0,71 0,71 0,71 0,71 0,71 0,71 0,71 0,71 0,71 0,71 0,71 0,71 0,71 0,71 0,71 
0,71 0,71 0,71 0,71 0,71 0,71 0,71 0,71 0,71 0,71 0,71 0,71 0,71 0,71 0,71 0,71 0,71 0,71 0,71 0,71 0,71 0,71 0,71 0,71 0,84 0,95 0,95 0,95 0,95 0,95 0,95 0,95 0,95 0,95 0,95 0,95 0,95 0,95 0,95 0,95 0,95 0,95 0,95 0,89 0,71 0,71 0,71 0,71 0,71 0,71 0,71 0,71 0,71 0,71 0,71 0,71 0,71 0,95 0,95 0,95 0,95 0,95 0,95 0,95 0,95 0,95 0,95 0,95 0,95 0,95 0,95 0,95 0,95 0,95 0,95 0,95 0,79 0,71 0,71 0,71 0,71 0,71 0,71 0,71 0,71 0,71 0,71 0,71 0,71 0,71 0,71 0,71 0,71 0,71 0,71 0,71 0,71 0,71 0,71 0,71 
0,71 0,71 0,71 0,71 0,71 0,71 0,71 0,71 0,71 0,71 0,71 0,71 0,71 0,71 0,71 0,71 0,71 0,71 0,71 0,71 0,71 0,71 0,71 0,71 0,8 0,95 0,95 0,95 0,95 0,95 0,95 0,95 0,95 0,95 0,95 0,95 0,95 0,95 0,95 0,95 0,95 0,95 0,95 0,9 0,71 0,71 0,71 0,71 0,71 0,71 0,71 0,71 0,71 0,71 0,71 0,71 0,75 0,95 0,95 0,95 0,95 0,95 0,95 0,95 0,95 0,95 0,95 0,95 0,95 0,95 0,95 0,95 0,95 0,95 0,95 0,95 0,77 0,71 0,71 0,71 0,71 0,71 0,71 0,71 0,71 0,71 0,71 0,71 0,71 0,71 0,71 0,71 0,71 0,71 0,71 0,71 0,71 0,71 0,71 0,71 
0,71 0,71 0,71 0,71 0,71 0,71 0,71 0,71 0,71 0,71 0,71 0,71 0,71 0,71 0,71 0,71 0,71 0,71 0,71 0,71 0,71 0,71 0,71 0,71 0,77 0,95 0,95 0,95 0,95 0,95 0,95 0,95 0,95 0,95 0,95 0,95 0,95 0,95 0,95 0,95 0,95 0,95 0,95 0,95 0,71 0,71 0,71 0,71 0,71 0,71 0,71 0,71 0,71 0,71 0,71 0,71 0,79 0,95 0,95 0,95 0,95 0,95 0,95 0,95 0,95 0,95 0,95 0,95 0,95 0,95 0,95 0,95 0,95 0,95 0,95 0,95 0,71 0,71 0,71 0,71 0,71 0,71 0,71 0,71 0,71 0,71 0,71 0,71 0,71 0,71 0,71 0,71 0,71 0,71 0,71 0,71 0,71 0,71 0,71 0,71 
0,71 0,71 0,71 0,71 0,71 0,71 0,71 0,71 0,71 0,71 0,71 0,71 0,71 0,71 0,71 0,71 0,71 0,71 0,71 0,71 0,71 0,71 0,71 0,71 0,71 0,95 0,95 0,95 0,95 0,95 0,95 0,95 0,95 0,95 0,95 0,95 0,95 0,95 0,95 0,95 0,95 0,95 0,95 0,95 0,71 0,71 0,71 0,71 0,71 0,71 0,71 0,71 0,71 0,71 0,71 0,71 0,82 0,95 0,95 0,95 0,95 0,95 0,95 0,95 0,95 0,95 0,95 0,95 0,95 0,95 0,95 0,95 0,95 0,95 0,95 0,89 0,71 0,71 0,71 0,71 0,71 0,71 0,71 0,71 0,71 0,71 0,71 0,71 0,71 0,71 0,71 0,71 0,71 0,71 0,71 0,71 0,71 0,71 0,71 0,71 
0,71 0,71 0,71 0,71 0,71 0,71 0,71 0,71 0,71 0,71 0,71 0,71 0,71 0,71 0,71 0,71 0,71 0,71 0,71 0,71 0,71 0,71 0,71 0,71 0,71 0,9 0,95 0,95 0,95 0,95 0,95 0,95 0,95 0,95 0,95 0,95 0,95 0,95 0,95 0,95 0,95 0,95 0,95 0,95 0,77 0,71 0,71 0,71 0,71 0,71 0,71 0,71 0,71 0,71 0,71 0,71 0,84 0,95 0,95 0,95 0,95 0,95 0,95 0,95 0,95 0,95 0,95 0,95 0,95 0,95 0,95 0,95 0,95 0,95 0,95 0,85 0,71 0,71 0,71 0,71 0,71 0,71 0,71 0,71 0,71 0,71 0,71 0,71 0,71 0,71 0,71 0,71 0,71 0,71 0,71 0,71 0,71 0,71 0,71 0,71 
0,71 0,71 0,71 0,71 0,71 0,71 0,71 0,71 0,71 0,71 0,71 0,71 0,71 0,71 0,71 0,71 0,71 0,71 0,71 0,71 0,71 0,71 0,71 0,71 0,71 0,84 0,95 0,95 0,95 0,95 0,95 0,95 0,95 0,95 0,95 0,95 0,95 0,95 0,95 0,95 0,95 0,95 0,95 0,95 0,81 0,71 0,71 0,71 0,71 0,71 0,71 0,71 0,71 0,71 0,71 0,71 0,89 0,95 0,95 0,95 0,95 0,95 0,95 0,95 0,95 0,95 0,95 0,95 0,95 0,95 0,95 0,95 0,95 0,95 0,95 0,82 0,71 0,71 0,71 0,71 0,71 0,71 0,71 0,71 0,71 0,71 0,71 0,71 0,71 0,71 0,71 0,71 0,71 0,71 0,71 0,71 0,71 0,71 0,71 0,71 
0,71 0,71 0,71 0,71 0,71 0,71 0,71 0,71 0,71 0,71 0,71 0,71 0,71 0,71 0,71 0,71 0,71 0,71 0,71 0,71 0,71 0,71 0,71 0,71 0,71 0,79 0,95 0,95 0,95 0,95 0,95 0,95 0,95 0,95 0,95 0,95 0,95 0,95 0,95 0,95 0,95 0,95 0,95 0,95 0,84 0,71 0,71 0,71 0,71 0,71 0,71 0,71 0,71 0,71 0,71 0,71 0,94 0,95 0,95 0,95 0,95 0,95 0,95 0,95 0,95 0,95 0,95 0,95 0,95 0,95 0,95 0,95 0,95 0,95 0,95 0,73 0,71 0,71 0,71 0,71 0,71 0,71 0,71 0,71 0,71 0,71 0,71 0,71 0,71 0,71 0,71 0,71 0,71 0,71 0,71 0,71 0,71 0,71 0,71 0,71 
0,71 0,71 0,71 0,71 0,71 0,71 0,71 0,71 0,71 0,71 0,71 0,71 0,71 0,71 0,71 0,71 0,71 0,71 0,71 0,71 0,71 0,71 0,71 0,71 0,71 0,71 0,94 0,95 0,95 0,95 0,95 0,95 0,95 0,95 0,95 0,95 0,95 0,95 0,95 0,95 0,95 0,95 0,95 0,95 0,89 0,71 0,71 0,71 0,71 0,71 0,71 0,71 0,71 0,71 0,71 0,77 0,95 0,95 0,95 0,95 0,95 0,95 0,95 0,95 0,95 0,95 0,95 0,95 0,95 0,95 0,95 0,95 0,95 0,95 0,91 0,71 0,71 0,71 0,71 0,71 0,71 0,71 0,71 0,71 0,71 0,71 0,71 0,71 0,71 0,71 0,71 0,71 0,71 0,71 0,71 0,71 0,71 0,71 0,71 0,71 
0,71 0,71 0,71 0,71 0,71 0,71 0,71 0,71 0,71 0,71 0,71 0,71 0,71 0,71 0,71 0,71 0,71 0,71 0,71 0,71 0,71 0,71 0,71 0,71 0,71 0,71 0,86 0,95 0,95 0,95 0,95 0,95 0,95 0,95 0,95 0,95 0,95 0,95 0,95 0,95 0,95 0,95 0,95 0,95 0,95 0,73 0,71 0,71 0,71 0,71 0,71 0,71 0,71 0,71 0,71 0,84 0,95 0,95 0,95 0,95 0,95 0,95 0,95 0,95 0,95 0,95 0,95 0,95 0,95 0,95 0,95 0,95 0,95 0,95 0,84 0,71 0,71 0,71 0,71 0,71 0,71 0,71 0,71 0,71 0,71 0,71 0,71 0,71 0,71 0,71 0,71 0,71 0,71 0,71 0,71 0,71 0,71 0,71 0,71 0,71 
0,71 0,71 0,71 0,71 0,71 0,71 0,71 0,71 0,71 0,71 0,71 0,71 0,71 0,71 0,71 0,71 0,71 0,71 0,71 0,71 0,71 0,71 0,71 0,71 0,71 0,71 0,79 0,95 0,95 0,95 0,95 0,95 0,95 0,95 0,95 0,95 0,95 0,95 0,95 0,95 0,95 0,95 0,95 0,95 0,95 0,84 0,71 0,71 0,71 0,71 0,71 0,71 0,71 0,71 0,71 0,92 0,95 0,95 0,95 0,95 0,95 0,95 0,95 0,95 0,95 0,95 0,95 0,95 0,95 0,95 0,95 0,95 0,95 0,95 0,75 0,71 0,71 0,71 0,71 0,71 0,71 0,71 0,71 0,71 0,71 0,71 0,71 0,71 0,71 0,71 0,71 0,71 0,71 0,71 0,71 0,71 0,71 0,71 0,71 0,71 
0,71 0,71 0,71 0,71 0,71 0,71 0,71 0,71 0,71 0,71 0,71 0,71 0,71 0,71 0,71 0,71 0,71 0,71 0,71 0,71 0,71 0,71 0,71 0,71 0,71 0,71 0,71 0,92 0,95 0,95 0,95 0,95 0,95 0,95 0,95 0,95 0,95 0,95 0,95 0,95 0,95 0,95 0,95 0,95 0,95 0,94 0,73 0,71 0,71 0,71 0,71 0,71 0,71 0,71 0,84 0,95 0,95 0,95 0,95 0,95 0,95 0,95 0,95 0,95 0,95 0,95 0,95 0,95 0,95 0,95 0,95 0,95 0,95 0,89 0,71 0,71 0,71 0,71 0,71 0,71 0,71 0,71 0,71 0,71 0,71 0,71 0,71 0,71 0,71 0,71 0,71 0,71 0,71 0,71 0,71 0,71 0,71 0,71 0,71 0,71 
0,71 0,71 0,71 0,71 0,71 0,71 0,71 0,71 0,71 0,71 0,71 0,71 0,71 0,71 0,71 0,71 0,71 0,71 0,71 0,71 0,71 0,71 0,71 0,71 0,71 0,71 0,71 0,83 0,95 0,95 0,95 0,95 0,95 0,95 0,95 0,95 0,95 0,95 0,95 0,95 0,95 0,95 0,95 0,95 0,95 0,95 0,91 0,73 0,71 0,71 0,71 0,71 0,71 0,82 0,95 0,95 0,95 0,95 0,95 0,95 0,95 0,95 0,95 0,95 0,95 0,95 0,95 0,95 0,95 0,95 0,95 0,95 0,95 0,8 0,71 0,71 0,71 0,71 0,71 0,71 0,71 0,71 0,71 0,71 0,71 0,71 0,71 0,71 0,71 0,71 0,71 0,71 0,71 0,71 0,71 0,71 0,71 0,71 0,71 0,71 
0,71 0,71 0,71 0,71 0,71 0,71 0,71 0,71 0,71 0,71 0,71 0,71 0,71 0,71 0,71 0,71 0,71 0,71 0,71 0,71 0,71 0,71 0,71 0,71 0,71 0,71 0,71 0,73 0,94 0,95 0,95 0,95 0,95 0,95 0,95 0,95 0,95 0,95 0,95 0,95 0,95 0,95 0,95 0,95 0,95 0,95 0,95 0,94 0,85 0,79 0,79 0,82 0,89 0,95 0,95 0,95 0,95 0,95 0,95 0,95 0,95 0,95 0,95 0,95 0,95 0,95 0,95 0,95 0,95 0,95 0,95 0,95 0,92 0,71 0,71 0,71 0,71 0,71 0,71 0,71 0,71 0,71 0,71 0,71 0,71 0,71 0,71 0,71 0,71 0,71 0,71 0,71 0,71 0,71 0,71 0,71 0,71 0,71 0,71 0,71 
0,71 0,71 0,71 0,71 0,71 0,71 0,71 0,71 0,71 0,71 0,71 0,71 0,71 0,71 0,71 0,71 0,71 0,71 0,71 0,71 0,71 0,71 0,71 0,71 0,71 0,71 0,71 0,71 0,84 0,95 0,95 0,95 0,95 0,95 0,95 0,95 0,95 0,95 0,95 0,95 0,95 0,95 0,95 0,95 0,95 0,95 0,95 0,95 0,95 0,95 0,95 0,95 0,95 0,95 0,95 0,95 0,95 0,95 0,95 0,95 0,95 0,95 0,95 0,95 0,95 0,95 0,95 0,95 0,95 0,95 0,95 0,95 0,8 0,71 0,71 0,71 0,71 0,71 0,71 0,71 0,71 0,71 0,71 0,71 0,71 0,71 0,71 0,71 0,71 0,71 0,71 0,71 0,71 0,71 0,71 0,71 0,71 0,71 0,71 0,71 
0,71 0,71 0,71 0,71 0,71 0,71 0,71 0,71 0,71 0,71 0,71 0,71 0,71 0,71 0,71 0,71 0,71 0,71 0,71 0,71 0,71 0,71 0,71 0,71 0,71 0,71 0,71 0,71 0,71 0,92 0,95 0,95 0,95 0,95 0,95 0,95 0,95 0,95 0,95 0,95 0,95 0,95 0,95 0,95 0,95 0,95 0,95 0,95 0,95 0,95 0,95 0,95 0,95 0,95 0,95 0,95 0,95 0,95 0,95 0,95 0,95 0,95 0,95 0,95 0,95 0,95 0,95 0,95 0,95 0,95 0,95 0,89 0,71 0,71 0,71 0,71 0,71 0,71 0,71 0,71 0,71 0,71 0,71 0,71 0,71 0,71 0,71 0,71 0,71 0,71 0,71 0,71 0,71 0,71 0,71 0,71 0,71 0,71 0,71 0,71 
0,71 0,71 0,71 0,71 0,71 0,71 0,71 0,71 0,71 0,71 0,71 0,71 0,71 0,71 0,71 0,71 0,71 0,71 0,71 0,71 0,71 0,71 0,71 0,71 0,71 0,71 0,71 0,71 0,71 0,81 0,95 0,95 0,95 0,95 0,95 0,95 0,95 0,95 0,95 0,95 0,95 0,95 0,95 0,95 0,95 0,95 0,95 0,95 0,95 0,95 0,95 0,95 0,95 0,95 0,95 0,95 0,95 0,95 0,95 0,95 0,95 0,95 0,95 0,95 0,95 0,95 0,95 0,95 0,95 0,95 0,95 0,77 0,71 0,71 0,71 0,71 0,71 0,71 0,71 0,71 0,71 0,71 0,71 0,71 0,71 0,71 0,71 0,71 0,71 0,71 0,71 0,71 0,71 0,71 0,71 0,71 0,71 0,71 0,71 0,71 
0,71 0,71 0,71 0,71 0,71 0,71 0,71 0,71 0,71 0,71 0,71 0,71 0,71 0,71 0,71 0,71 0,71 0,71 0,71 0,71 0,71 0,71 0,71 0,71 0,71 0,71 0,71 0,71 0,71 0,71 0,88 0,95 0,95 0,95 0,95 0,95 0,95 0,95 0,95 0,95 0,95 0,95 0,95 0,95 0,95 0,95 0,95 0,95 0,95 0,95 0,95 0,95 0,95 0,95 0,95 0,95 0,95 0,95 0,95 0,95 0,95 0,95 0,95 0,95 0,95 0,95 0,95 0,95 0,95 0,95 0,83 0,71 0,71 0,71 0,71 0,71 0,71 0,71 0,71 0,71 0,71 0,71 0,71 0,71 0,71 0,71 0,71 0,71 0,71 0,71 0,71 0,71 0,71 0,71 0,71 0,71 0,71 0,71 0,71 0,71 
0,71 0,71 0,71 0,71 0,71 0,71 0,71 0,71 0,71 0,71 0,71 0,71 0,71 0,71 0,71 0,71 0,71 0,71 0,71 0,71 0,71 0,71 0,71 0,71 0,71 0,71 0,71 0,71 0,71 0,71 0,73 0,92 0,95 0,95 0,95 0,95 0,95 0,95 0,95 0,95 0,95 0,95 0,95 0,95 0,95 0,95 0,95 0,95 0,95 0,95 0,95 0,95 0,95 0,95 0,95 0,95 0,95 0,95 0,95 0,95 0,95 0,95 0,95 0,95 0,95 0,95 0,95 0,95 0,95 0,89 0,71 0,71 0,71 0,71 0,71 0,71 0,71 0,71 0,71 0,71 0,71 0,71 0,71 0,71 0,71 0,71 0,71 0,71 0,71 0,71 0,71 0,71 0,71 0,71 0,71 0,71 0,71 0,71 0,71 0,71 
0,71 0,71 0,71 0,71 0,71 0,71 0,71 0,71 0,71 0,71 0,71 0,71 0,71 0,71 0,71 0,71 0,71 0,71 0,71 0,71 0,71 0,71 0,71 0,71 0,71 0,71 0,71 0,71 0,71 0,71 0,71 0,77 0,94 0,95 0,95 0,95 0,95 0,95 0,95 0,95 0,95 0,95 0,95 0,95 0,95 0,95 0,95 0,95 0,95 0,95 0,95 0,95 0,95 0,95 0,95 0,95 0,95 0,95 0,95 0,95 0,95 0,95 0,95 0,95 0,95 0,95 0,95 0,95 0,91 0,73 0,71 0,71 0,71 0,71 0,71 0,71 0,71 0,71 0,71 0,71 0,71 0,71 0,71 0,71 0,71 0,71 0,71 0,71 0,71 0,71 0,71 0,71 0,71 0,71 0,71 0,71 0,71 0,71 0,71 0,71 
0,71 0,71 0,71 0,71 0,71 0,71 0,71 0,71 0,71 0,71 0,71 0,71 0,71 0,71 0,71 0,71 0,71 0,71 0,71 0,71 0,71 0,71 0,71 0,71 0,71 0,71 0,71 0,71 0,71 0,71 0,71 0,71 0,82 0,95 0,95 0,95 0,95 0,95 0,95 0,95 0,95 0,95 0,95 0,95 0,95 0,95 0,95 0,95 0,95 0,95 0,95 0,95 0,95 0,95 0,95 0,95 0,95 0,95 0,95 0,95 0,95 0,95 0,95 0,95 0,95 0,95 0,95 0,94 0,77 0,71 0,71 0,71 0,71 0,71 0,71 0,71 0,71 0,71 0,71 0,71 0,71 0,71 0,71 0,71 0,71 0,71 0,71 0,71 0,71 0,71 0,71 0,71 0,71 0,71 0,71 0,71 0,71 0,71 0,71 0,71 
0,71 0,71 0,71 0,71 0,71 0,71 0,71 0,71 0,71 0,71 0,71 0,71 0,71 0,71 0,71 0,71 0,71 0,71 0,71 0,71 0,71 0,71 0,71 0,71 0,71 0,71 0,71 0,71 0,71 0,71 0,71 0,71 0,71 0,82 0,95 0,95 0,95 0,95 0,95 0,95 0,95 0,95 0,95 0,95 0,95 0,95 0,95 0,95 0,95 0,95 0,95 0,95 0,95 0,95 0,95 0,95 0,95 0,95 0,95 0,95 0,95 0,95 0,95 0,95 0,95 0,95 0,94 0,77 0,71 0,71 0,71 0,71 0,71 0,71 0,71 0,71 0,71 0,71 0,71 0,71 0,71 0,71 0,71 0,71 0,71 0,71 0,71 0,71 0,71 0,71 0,71 0,71 0,71 0,71 0,71 0,71 0,71 0,71 0,71 0,71 
0,71 0,71 0,71 0,71 0,71 0,71 0,71 0,71 0,71 0,71 0,71 0,71 0,71 0,71 0,71 0,71 0,71 0,71 0,71 0,71 0,71 0,71 0,71 0,71 0,71 0,71 0,71 0,71 0,71 0,71 0,71 0,71 0,71 0,71 0,82 0,94 0,95 0,95 0,95 0,95 0,95 0,95 0,95 0,95 0,95 0,95 0,95 0,95 0,95 0,95 0,95 0,95 0,95 0,95 0,95 0,95 0,95 0,95 0,95 0,95 0,95 0,95 0,95 0,95 0,95 0,91 0,75 0,71 0,71 0,71 0,71 0,71 0,71 0,71 0,71 0,71 0,71 0,71 0,71 0,71 0,71 0,71 0,71 0,71 0,71 0,71 0,71 0,71 0,71 0,71 0,71 0,71 0,71 0,71 0,71 0,71 0,71 0,71 0,71 0,71 
0,71 0,71 0,71 0,71 0,71 0,71 0,71 0,71 0,71 0,71 0,71 0,71 0,71 0,71 0,71 0,71 0,71 0,71 0,71 0,71 0,71 0,71 0,71 0,71 0,71 0,71 0,71 0,71 0,71 0,71 0,71 0,71 0,71 0,71 0,71 0,77 0,92 0,95 0,95 0,95 0,95 0,95 0,95 0,95 0,95 0,95 0,95 0,95 0,95 0,95 0,95 0,95 0,95 0,95 0,95 0,95 0,95 0,95 0,95 0,95 0,95 0,95 0,95 0,95 0,87 0,73 0,71 0,71 0,71 0,71 0,71 0,71 0,71 0,71 0,71 0,71 0,71 0,71 0,71 0,71 0,71 0,71 0,71 0,71 0,71 0,71 0,71 0,71 0,71 0,71 0,71 0,71 0,71 0,71 0,71 0,71 0,71 0,71 0,71 0,71 
0,71 0,71 0,71 0,71 0,71 0,71 0,71 0,71 0,71 0,71 0,71 0,71 0,71 0,71 0,71 0,71 0,71 0,71 0,71 0,71 0,71 0,71 0,71 0,71 0,71 0,71 0,71 0,71 0,71 0,71 0,71 0,71 0,71 0,71 0,71 0,71 0,73 0,85 0,95 0,95 0,95 0,95 0,95 0,95 0,95 0,95 0,95 0,95 0,95 0,95 0,95 0,95 0,95 0,95 0,95 0,95 0,95 0,95 0,95 0,95 0,95 0,95 0,92 0,8 0,71 0,71 0,71 0,71 0,71 0,71 0,71 0,71 0,71 0,71 0,71 0,71 0,71 0,71 0,71 0,71 0,71 0,71 0,71 0,71 0,71 0,71 0,71 0,71 0,71 0,71 0,71 0,71 0,71 0,71 0,71 0,71 0,71 0,71 0,71 0,71 
0,71 0,71 0,71 0,71 0,71 0,71 0,71 0,71 0,71 0,71 0,71 0,71 0,71 0,71 0,71 0,71 0,71 0,71 0,71 0,71 0,71 0,71 0,71 0,71 0,71 0,71 0,71 0,71 0,71 0,71 0,71 0,71 0,71 0,71 0,71 0,71 0,71 0,71 0,77 0,88 0,95 0,95 0,95 0,95 0,95 0,95 0,95 0,95 0,95 0,95 0,95 0,95 0,95 0,95 0,95 0,95 0,95 0,95 0,95 0,95 0,94 0,84 0,73 0,71 0,71 0,71 0,71 0,71 0,71 0,71 0,71 0,71 0,71 0,71 0,71 0,71 0,71 0,71 0,71 0,71 0,71 0,71 0,71 0,71 0,71 0,71 0,71 0,71 0,71 0,71 0,71 0,71 0,71 0,71 0,71 0,71 0,71 0,71 0,71 0,71 
0,71 0,71 0,71 0,71 0,71 0,71 0,71 0,71 0,71 0,71 0,71 0,71 0,71 0,71 0,71 0,71 0,71 0,71 0,71 0,71 0,71 0,71 0,71 0,71 0,71 0,71 0,71 0,71 0,71 0,71 0,71 0,71 0,71 0,71 0,71 0,71 0,71 0,71 0,71 0,71 0,75 0,85 0,92 0,95 0,95 0,95 0,95 0,95 0,95 0,95 0,95 0,95 0,95 0,95 0,95 0,95 0,95 0,95 0,88 0,82 0,71 0,71 0,71 0,71 0,71 0,71 0,71 0,71 0,71 0,71 0,71 0,71 0,71 0,71 0,71 0,71 0,71 0,71 0,71 0,71 0,71 0,71 0,71 0,71 0,71 0,71 0,71 0,71 0,71 0,71 0,71 0,71 0,71 0,71 0,71 0,71 0,71 0,71 0,71 0,71 
0,71 0,71 0,71 0,71 0,71 0,71 0,71 0,71 0,71 0,71 0,71 0,71 0,71 0,71 0,71 0,71 0,71 0,71 0,71 0,71 0,71 0,71 0,71 0,71 0,71 0,71 0,71 0,71 0,71 0,71 0,71 0,71 0,71 0,71 0,71 0,71 0,71 0,71 0,71 0,71 0,71 0,71 0,71 0,77 0,84 0,87 0,89 0,92 0,95 0,95 0,95 0,95 0,95 0,9 0,88 0,84 0,8 0,73 0,71 0,71 0,71 0,71 0,71 0,71 0,71 0,71 0,71 0,71 0,71 0,71 0,71 0,71 0,71 0,71 0,71 0,71 0,71 0,71 0,71 0,71 0,71 0,71 0,71 0,71 0,71 0,71 0,71 0,71 0,71 0,71 0,71 0,71 0,71 0,71 0,71 0,71 0,71 0,71 0,71 0,71 
0,71 0,71 0,71 0,71 0,71 0,71 0,71 0,71 0,71 0,71 0,71 0,71 0,71 0,71 0,71 0,71 0,71 0,71 0,71 0,71 0,71 0,71 0,71 0,71 0,71 0,71 0,71 0,71 0,71 0,71 0,71 0,71 0,71 0,71 0,71 0,71 0,71 0,71 0,71 0,71 0,71 0,71 0,71 0,71 0,71 0,71 0,71 0,71 0,71 0,71 0,71 0,71 0,71 0,71 0,71 0,71 0,71 0,71 0,71 0,71 0,71 0,71 0,71 0,71 0,71 0,71 0,71 0,71 0,71 0,71 0,71 0,71 0,71 0,71 0,71 0,71 0,71 0,71 0,71 0,71 0,71 0,71 0,71 0,71 0,71 0,71 0,71 0,71 0,71 0,71 0,71 0,71 0,71 0,71 0,71 0,71 0,71 0,71 0,71 0,71 
0,71 0,71 0,71 0,71 0,71 0,71 0,71 0,71 0,71 0,71 0,71 0,71 0,71 0,71 0,71 0,71 0,71 0,71 0,71 0,71 0,71 0,71 0,71 0,71 0,71 0,71 0,71 0,71 0,71 0,71 0,71 0,71 0,71 0,71 0,71 0,71 0,71 0,71 0,71 0,71 0,71 0,71 0,71 0,71 0,71 0,71 0,71 0,71 0,71 0,71 0,71 0,71 0,71 0,71 0,71 0,71 0,71 0,71 0,71 0,71 0,71 0,71 0,71 0,71 0,71 0,71 0,71 0,71 0,71 0,71 0,71 0,71 0,71 0,71 0,71 0,71 0,71 0,71 0,71 0,71 0,71 0,71 0,71 0,71 0,71 0,71 0,71 0,71 0,71 0,71 0,71 0,71 0,71 0,71 0,71 0,71 0,71 0,71 0,71 0,71 
0,71 0,71 0,71 0,71 0,71 0,71 0,71 0,71 0,71 0,71 0,71 0,71 0,71 0,71 0,71 0,71 0,71 0,71 0,71 0,71 0,71 0,71 0,71 0,71 0,71 0,71 0,71 0,71 0,71 0,71 0,71 0,71 0,71 0,71 0,71 0,71 0,71 0,71 0,71 0,71 0,71 0,71 0,71 0,71 0,71 0,71 0,71 0,71 0,71 0,71 0,71 0,71 0,71 0,71 0,71 0,71 0,71 0,71 0,71 0,71 0,71 0,71 0,71 0,71 0,71 0,71 0,71 0,71 0,71 0,71 0,71 0,71 0,71 0,71 0,71 0,71 0,71 0,71 0,71 0,71 0,71 0,71 0,71 0,71 0,71 0,71 0,71 0,71 0,71 0,71 0,71 0,71 0,71 0,71 0,71 0,71 0,71 0,71 0,71 0,71 
0,71 0,71 0,71 0,71 0,71 0,71 0,71 0,71 0,71 0,71 0,71 0,71 0,71 0,71 0,71 0,71 0,71 0,71 0,71 0,71 0,71 0,71 0,71 0,71 0,71 0,71 0,71 0,71 0,71 0,71 0,71 0,71 0,71 0,71 0,71 0,71 0,71 0,71 0,71 0,71 0,71 0,71 0,71 0,71 0,71 0,71 0,71 0,71 0,71 0,71 0,71 0,71 0,71 0,71 0,71 0,71 0,71 0,71 0,71 0,71 0,71 0,71 0,71 0,71 0,71 0,71 0,71 0,71 0,71 0,71 0,71 0,71 0,71 0,71 0,71 0,71 0,71 0,71 0,71 0,71 0,71 0,71 0,71 0,71 0,71 0,71 0,71 0,71 0,71 0,71 0,71 0,71 0,71 0,71 0,71 0,71 0,71 0,71 0,71 0,71 
0,71 0,71 0,71 0,71 0,71 0,71 0,71 0,71 0,71 0,71 0,71 0,71 0,71 0,71 0,71 0,71 0,71 0,71 0,71 0,71 0,71 0,71 0,71 0,71 0,71 0,71 0,71 0,71 0,71 0,71 0,71 0,71 0,71 0,71 0,71 0,71 0,71 0,71 0,71 0,71 0,71 0,71 0,71 0,71 0,71 0,71 0,71 0,71 0,71 0,71 0,71 0,71 0,71 0,71 0,71 0,71 0,71 0,71 0,71 0,71 0,71 0,71 0,71 0,71 0,71 0,71 0,71 0,71 0,71 0,71 0,71 0,71 0,71 0,71 0,71 0,71 0,71 0,71 0,71 0,71 0,71 0,71 0,71 0,71 0,71 0,71 0,71 0,71 0,71 0,71 0,71 0,71 0,71 0,71 0,71 0,71 0,71 0,71 0,71 0,71 
0,71 0,71 0,71 0,71 0,71 0,71 0,71 0,71 0,71 0,71 0,71 0,71 0,71 0,71 0,71 0,71 0,71 0,71 0,71 0,71 0,71 0,71 0,71 0,71 0,71 0,71 0,71 0,71 0,71 0,71 0,71 0,71 0,71 0,71 0,71 0,71 0,71 0,71 0,71 0,71 0,71 0,71 0,71 0,71 0,71 0,71 0,71 0,71 0,71 0,71 0,71 0,71 0,71 0,71 0,71 0,71 0,71 0,71 0,71 0,71 0,71 0,71 0,71 0,71 0,71 0,71 0,71 0,71 0,71 0,71 0,71 0,71 0,71 0,71 0,71 0,71 0,71 0,71 0,71 0,71 0,71 0,71 0,71 0,71 0,71 0,71 0,71 0,71 0,71 0,71 0,71 0,71 0,71 0,71 0,71 0,71 0,71 0,71 0,71 0,71 
0,71 0,71 0,71 0,71 0,71 0,71 0,71 0,71 0,71 0,71 0,71 0,71 0,71 0,71 0,71 0,71 0,71 0,71 0,71 0,71 0,71 0,71 0,71 0,71 0,71 0,71 0,71 0,71 0,71 0,71 0,71 0,71 0,71 0,71 0,71 0,71 0,71 0,71 0,71 0,71 0,71 0,71 0,71 0,71 0,71 0,71 0,71 0,71 0,71 0,71 0,71 0,71 0,71 0,71 0,71 0,71 0,71 0,71 0,71 0,71 0,71 0,71 0,71 0,71 0,71 0,71 0,71 0,71 0,71 0,71 0,71 0,71 0,71 0,71 0,71 0,71 0,71 0,71 0,71 0,71 0,71 0,71 0,71 0,71 0,71 0,71 0,71 0,71 0,71 0,71 0,71 0,71 0,71 0,71 0,71 0,71 0,71 0,71 0,71 0,71 
0,71 0,71 0,71 0,71 0,71 0,71 0,71 0,71 0,71 0,71 0,71 0,71 0,71 0,71 0,71 0,71 0,71 0,71 0,71 0,71 0,71 0,71 0,71 0,71 0,71 0,71 0,71 0,71 0,71 0,71 0,71 0,71 0,71 0,71 0,71 0,71 0,71 0,71 0,71 0,71 0,71 0,71 0,71 0,71 0,71 0,71 0,71 0,71 0,71 0,71 0,71 0,71 0,71 0,71 0,71 0,71 0,71 0,71 0,71 0,71 0,71 0,71 0,71 0,71 0,71 0,71 0,71 0,71 0,71 0,71 0,71 0,71 0,71 0,71 0,71 0,71 0,71 0,71 0,71 0,71 0,71 0,71 0,71 0,71 0,71 0,71 0,71 0,71 0,71 0,71 0,71 0,71 0,71 0,71 0,71 0,71 0,71 0,71 0,71 0,71 
0,71 0,71 0,71 0,71 0,71 0,71 0,71 0,71 0,71 0,71 0,71 0,71 0,71 0,71 0,71 0,71 0,71 0,71 0,71 0,71 0,71 0,71 0,71 0,71 0,71 0,71 0,71 0,71 0,71 0,71 0,71 0,71 0,71 0,71 0,71 0,71 0,71 0,71 0,71 0,71 0,71 0,71 0,71 0,71 0,71 0,71 0,71 0,71 0,71 0,71 0,71 0,71 0,71 0,71 0,71 0,71 0,71 0,71 0,71 0,71 0,71 0,71 0,71 0,71 0,71 0,71 0,71 0,71 0,71 0,71 0,71 0,71 0,71 0,71 0,71 0,71 0,71 0,71 0,71 0,71 0,71 0,71 0,71 0,71 0,71 0,71 0,71 0,71 0,71 0,71 0,71 0,71 0,71 0,71 0,71 0,71 0,71 0,71 0,71 0,71 
0,71 0,71 0,71 0,71 0,71 0,71 0,71 0,71 0,71 0,71 0,71 0,71 0,71 0,71 0,71 0,71 0,71 0,71 0,71 0,71 0,71 0,71 0,71 0,71 0,71 0,71 0,71 0,71 0,71 0,71 0,71 0,71 0,71 0,71 0,71 0,71 0,71 0,71 0,71 0,71 0,71 0,71 0,71 0,71 0,71 0,71 0,71 0,71 0,71 0,71 0,71 0,71 0,71 0,71 0,71 0,71 0,71 0,71 0,71 0,71 0,71 0,71 0,71 0,71 0,71 0,71 0,71 0,71 0,71 0,71 0,71 0,71 0,71 0,71 0,71 0,71 0,71 0,71 0,71 0,71 0,71 0,71 0,71 0,71 0,71 0,71 0,71 0,71 0,71 0,71 0,71 0,71 0,71 0,71 0,71 0,71 0,71 0,71 0,71 0,71 
0,71 0,71 0,71 0,71 0,71 0,71 0,71 0,71 0,71 0,71 0,71 0,71 0,71 0,71 0,71 0,71 0,71 0,71 0,71 0,71 0,71 0,71 0,71 0,71 0,71 0,71 0,71 0,71 0,71 0,71 0,71 0,71 0,71 0,71 0,71 0,71 0,71 0,71 0,71 0,71 0,71 0,71 0,71 0,71 0,71 0,71 0,71 0,71 0,71 0,71 0,71 0,71 0,71 0,71 0,71 0,71 0,71 0,71 0,71 0,71 0,71 0,71 0,71 0,71 0,71 0,71 0,71 0,71 0,71 0,71 0,71 0,71 0,71 0,71 0,71 0,71 0,71 0,71 0,71 0,71 0,71 0,71 0,71 0,71 0,71 0,71 0,71 0,71 0,71 0,71 0,71 0,71 0,71 0,71 0,71 0,71 0,71 0,71 0,71 0,71 
0,71 0,71 0,71 0,71 0,71 0,71 0,71 0,71 0,71 0,71 0,71 0,71 0,71 0,71 0,71 0,71 0,71 0,71 0,71 0,71 0,71 0,71 0,71 0,71 0,71 0,71 0,71 0,71 0,71 0,71 0,71 0,71 0,71 0,71 0,71 0,71 0,71 0,71 0,71 0,71 0,71 0,71 0,71 0,71 0,71 0,71 0,71 0,71 0,71 0,71 0,71 0,71 0,71 0,71 0,71 0,71 0,71 0,71 0,71 0,71 0,71 0,71 0,71 0,71 0,71 0,71 0,71 0,71 0,71 0,71 0,71 0,71 0,71 0,71 0,71 0,71 0,71 0,71 0,71 0,71 0,71 0,71 0,71 0,71 0,71 0,71 0,71 0,71 0,71 0,71 0,71 0,71 0,71 0,71 0,71 0,71 0,71 0,71 0,71 0,71 
0,71 0,71 0,71 0,71 0,71 0,71 0,71 0,71 0,71 0,71 0,71 0,71 0,71 0,71 0,71 0,71 0,71 0,71 0,71 0,71 0,71 0,71 0,71 0,71 0,71 0,71 0,71 0,71 0,71 0,71 0,71 0,71 0,71 0,71 0,71 0,71 0,71 0,71 0,71 0,71 0,71 0,71 0,71 0,71 0,71 0,71 0,71 0,71 0,71 0,71 0,71 0,71 0,71 0,71 0,71 0,71 0,71 0,71 0,71 0,71 0,71 0,71 0,71 0,71 0,71 0,71 0,71 0,71 0,71 0,71 0,71 0,71 0,71 0,71 0,71 0,71 0,71 0,71 0,71 0,71 0,71 0,71 0,71 0,71 0,71 0,71 0,71 0,71 0,71 0,71 0,71 0,71 0,71 0,71 0,71 0,71 0,71 0,71 0,71 0,71 
0,71 0,71 0,71 0,71 0,71 0,71 0,71 0,71 0,71 0,71 0,71 0,71 0,71 0,71 0,71 0,71 0,71 0,71 0,71 0,71 0,71 0,71 0,71 0,71 0,71 0,71 0,71 0,71 0,71 0,71 0,71 0,71 0,71 0,71 0,71 0,71 0,71 0,71 0,71 0,71 0,71 0,71 0,71 0,71 0,71 0,71 0,71 0,71 0,71 0,71 0,71 0,71 0,71 0,71 0,71 0,71 0,71 0,71 0,71 0,71 0,71 0,71 0,71 0,71 0,71 0,71 0,71 0,71 0,71 0,71 0,71 0,71 0,71 0,71 0,71 0,71 0,71 0,71 0,71 0,71 0,71 0,71 0,71 0,71 0,71 0,71 0,71 0,71 0,71 0,71 0,71 0,71 0,71 0,71 0,71 0,71 0,71 0,71 0,71 0,71 
0,71 0,71 0,71 0,71 0,71 0,71 0,71 0,71 0,71 0,71 0,71 0,71 0,71 0,71 0,71 0,71 0,71 0,71 0,71 0,71 0,71 0,71 0,71 0,71 0,71 0,71 0,71 0,71 0,71 0,71 0,71 0,71 0,71 0,71 0,71 0,71 0,71 0,71 0,71 0,71 0,71 0,71 0,71 0,71 0,71 0,71 0,71 0,71 0,71 0,71 0,71 0,71 0,71 0,71 0,71 0,71 0,71 0,71 0,71 0,71 0,71 0,71 0,71 0,71 0,71 0,71 0,71 0,71 0,71 0,71 0,71 0,71 0,71 0,71 0,71 0,71 0,71 0,71 0,71 0,71 0,71 0,71 0,71 0,71 0,71 0,71 0,71 0,71 0,71 0,71 0,71 0,71 0,71 0,71 0,71 0,71 0,71 0,71 0,71 0,71 
0,71 0,71 0,71 0,71 0,71 0,71 0,71 0,71 0,71 0,71 0,71 0,71 0,71 0,71 0,71 0,71 0,71 0,71 0,71 0,71 0,71 0,71 0,71 0,71 0,71 0,71 0,71 0,71 0,71 0,71 0,71 0,71 0,71 0,71 0,71 0,71 0,71 0,71 0,71 0,71 0,71 0,71 0,71 0,71 0,71 0,71 0,71 0,71 0,71 0,71 0,71 0,71 0,71 0,71 0,71 0,71 0,71 0,71 0,71 0,71 0,71 0,71 0,71 0,71 0,71 0,71 0,71 0,71 0,71 0,71 0,71 0,71 0,71 0,71 0,71 0,71 0,71 0,71 0,71 0,71 0,71 0,71 0,71 0,71 0,71 0,71 0,71 0,71 0,71 0,71 0,71 0,71 0,71 0,71 0,71 0,71 0,71 0,71 0,71 0,71 
0,71 0,71 0,71 0,71 0,71 0,71 0,71 0,71 0,71 0,71 0,71 0,71 0,71 0,71 0,71 0,71 0,71 0,71 0,71 0,71 0,71 0,71 0,71 0,71 0,71 0,71 0,71 0,71 0,71 0,71 0,71 0,71 0,71 0,71 0,71 0,71 0,71 0,71 0,71 0,71 0,71 0,71 0,71 0,71 0,71 0,71 0,71 0,71 0,71 0,71 0,71 0,71 0,71 0,71 0,71 0,71 0,71 0,71 0,71 0,71 0,71 0,71 0,71 0,71 0,71 0,71 0,71 0,71 0,71 0,71 0,71 0,71 0,71 0,71 0,71 0,71 0,71 0,71 0,71 0,71 0,71 0,71 0,71 0,71 0,71 0,71 0,71 0,71 0,71 0,71 0,71 0,71 0,71 0,71 0,71 0,71 0,71 0,71 0,71 0,71 
0,71 0,71 0,71 0,71 0,71 0,71 0,71 0,71 0,71 0,71 0,71 0,71 0,71 0,71 0,71 0,71 0,71 0,71 0,71 0,71 0,71 0,71 0,71 0,71 0,71 0,71 0,71 0,71 0,71 0,71 0,71 0,71 0,71 0,71 0,71 0,71 0,71 0,71 0,71 0,71 0,71 0,71 0,71 0,71 0,71 0,71 0,71 0,71 0,71 0,71 0,71 0,71 0,71 0,71 0,71 0,71 0,71 0,71 0,71 0,71 0,71 0,71 0,71 0,71 0,71 0,71 0,71 0,71 0,71 0,71 0,71 0,71 0,71 0,71 0,71 0,71 0,71 0,71 0,71 0,71 0,71 0,71 0,71 0,71 0,71 0,71 0,71 0,71 0,71 0,71 0,71 0,71 0,71 0,71 0,71 0,71 0,71 0,71 0,71 0,71 
0,71 0,71 0,71 0,71 0,71 0,71 0,71 0,71 0,71 0,71 0,71 0,71 0,71 0,71 0,71 0,71 0,71 0,71 0,71 0,71 0,71 0,71 0,71 0,71 0,71 0,71 0,71 0,71 0,71 0,71 0,71 0,71 0,71 0,71 0,71 0,71 0,71 0,71 0,71 0,71 0,71 0,71 0,71 0,71 0,71 0,71 0,71 0,71 0,71 0,71 0,71 0,71 0,71 0,71 0,71 0,71 0,71 0,71 0,71 0,71 0,71 0,71 0,71 0,71 0,71 0,71 0,71 0,71 0,71 0,71 0,71 0,71 0,71 0,71 0,71 0,71 0,71 0,71 0,71 0,71 0,71 0,71 0,71 0,71 0,71 0,71 0,71 0,71 0,71 0,71 0,71 0,71 0,71 0,71 0,71 0,71 0,71 0,71 0,71 0,71 
0,71 0,71 0,71 0,71 0,71 0,71 0,71 0,71 0,71 0,71 0,71 0,71 0,71 0,71 0,71 0,71 0,71 0,71 0,71 0,71 0,71 0,71 0,71 0,71 0,71 0,71 0,71 0,71 0,71 0,71 0,71 0,71 0,71 0,71 0,71 0,71 0,71 0,71 0,71 0,71 0,71 0,71 0,71 0,71 0,71 0,71 0,71 0,71 0,71 0,71 0,71 0,71 0,71 0,71 0,71 0,71 0,71 0,71 0,71 0,71 0,71 0,71 0,71 0,71 0,71 0,71 0,71 0,71 0,71 0,71 0,71 0,71 0,71 0,71 0,71 0,71 0,71 0,71 0,71 0,71 0,71 0,71 0,71 0,71 0,71 0,71 0,71 0,71 0,71 0,71 0,71 0,71 0,71 0,71 0,71 0,71 0,71 0,71 0,71 0,71 
0,71 0,71 0,71 0,71 0,71 0,71 0,71 0,71 0,71 0,71 0,71 0,71 0,71 0,71 0,71 0,71 0,71 0,71 0,71 0,71 0,71 0,71 0,71 0,71 0,71 0,71 0,71 0,71 0,71 0,71 0,71 0,71 0,71 0,71 0,71 0,71 0,71 0,71 0,71 0,71 0,71 0,71 0,71 0,71 0,71 0,71 0,71 0,71 0,71 0,71 0,71 0,71 0,71 0,71 0,71 0,71 0,71 0,71 0,71 0,71 0,71 0,71 0,71 0,71 0,71 0,71 0,71 0,71 0,71 0,71 0,71 0,71 0,71 0,71 0,71 0,71 0,71 0,71 0,71 0,71 0,71 0,71 0,71 0,71 0,71 0,71 0,71 0,71 0,71 0,71 0,71 0,71 0,71 0,71 0,71 0,71 0,71 0,71 0,71 0,71 
